329	1	71	4	103	2
339	2	71	8	103	4
349	3	71	14	103	7
359	4	71	26	103	10
369	1	71	4	103	2
379	2	71	8	103	4
389	3	71	14	103	7
399	4	71	26	103	10
409	1	63	2	0	0
419	2	63	4	0	0
429	3	63	7	0	0
439	4	63	10	0	0
449	1	63	2	0	0
459	2	63	4	0	0
529	1	116	5	117	5
539	2	116	10	117	10
549	3	116	20	117	20
559	4	116	30	117	30
569	1	116	5	117	5
579	2	116	10	117	10
589	3	116	20	117	20
599	4	116	30	117	30
609	3	63	7	0	0
619	4	63	10	0	0
629	1	63	2	0	0
639	2	63	4	0	0
649	3	63	7	0	0
659	4	63	10	0	0
669	1	63	2	0	0
679	2	63	4	0	0
689	3	63	7	0	0
699	4	63	10	0	0
709	1	63	2	0	0
719	2	63	4	0	0
729	3	63	7	0	0
739	4	63	10	0	0
749	1	63	2	0	0
759	2	63	4	0	0
769	3	63	7	0	0
779	4	63	10	0	0
1199	1	71	4	103	2
1209	2	71	8	103	4
1219	3	71	14	103	7
1229	4	71	26	103	10
1519	1	116	5	117	5
1529	2	116	10	117	10
1539	3	116	20	117	20
1549	4	116	30	117	30
2219	1	71	4	103	2
2229	2	71	8	103	4
2239	3	71	14	103	7
2249	4	71	26	103	10
2519	1	116	5	117	5
2529	2	116	10	117	10
2539	3	116	20	117	20
2549	4	116	30	117	30
3239	1	71	4	103	2
3249	2	71	8	103	4
3259	3	71	14	103	7
3269	4	71	26	103	10
3519	1	116	5	117	5
3529	2	116	10	117	10
3539	3	116	20	117	20
3549	4	116	30	117	30
5179	1	71	4	103	2
5189	2	71	8	103	4
5199	3	71	14	103	7
5209	4	71	26	103	10
5519	1	71	1	0	0
5529	2	71	2	0	0
5539	3	71	3	0	0
5549	4	71	5	0	0
7319	1	71	4	103	2
7329	2	71	8	103	4
7339	3	71	14	103	7
7349	4	71	26	103	10
7519	1	71	1	0	0
7529	2	71	2	0	0
7539	3	71	3	0	0
7549	4	71	5	0	0
8230	1	27	20	0	0
8231	1	27	20	0	0
8232	1	27	20	0	0
8233	1	27	20	0	0
8234	1	27	20	0	0
8235	1	27	20	0	0
8236	1	27	20	0	0
8237	1	27	20	0	0
8238	1	27	20	0	0
8239	1	27	20	0	0
8240	1	27	20	0	0
8241	1	27	20	0	0
8242	1	27	20	0	0
8243	1	27	20	0	0
8250	1	116	11	0	0
8251	1	116	12	0	0
8252	1	116	13	0	0
8253	1	116	14	0	0
8254	1	116	15	0	0
8255	1	116	16	0	0
8256	2	116	17	0	0
8257	2	116	18	0	0
8258	2	116	19	117	3
8259	3	116	20	117	6
8260	3	116	21	117	9
8261	3	116	22	117	12
8262	4	116	23	117	14
8263	4	116	24	117	16
8500	4	71	26	103	10
8501	4	71	26	103	10
8502	4	71	26	103	10
8503	4	71	26	103	10
8504	4	71	26	103	10
8505	4	71	26	103	10
8506	4	71	26	103	10
8507	4	71	26	103	10
8508	4	71	26	103	10
8509	4	71	26	103	10
8510	4	71	26	103	10
8511	4	71	26	103	10
8512	4	71	26	103	10
8513	4	71	26	103	10
8514	4	71	26	103	10
8515	4	71	26	103	10
8516	4	71	26	103	10
8517	4	71	26	103	10
8518	4	71	26	103	10
8519	4	71	26	103	10
8520	4	71	26	103	10
8521	4	71	26	103	10
8522	4	71	26	103	10
8523	4	71	26	103	10
8524	4	71	26	103	10
8525	4	71	26	103	10
8526	4	71	26	103	10
8527	4	71	26	103	10
8528	4	71	26	103	10
8529	4	71	26	103	10
8530	4	71	26	103	10
8531	4	71	26	103	10
8532	4	71	26	103	10
8533	4	71	26	103	10
8534	4	71	26	103	10
8535	4	71	26	103	10
8536	4	71	26	103	10
8537	4	71	26	103	10
8538	4	71	26	103	10
8539	4	71	26	103	10
8540	4	71	26	103	10
8541	4	71	26	103	10
8542	4	71	26	103	10
8543	4	71	26	103	10
8544	4	71	26	103	10
8545	4	71	26	103	10
8546	4	71	26	103	10
8547	4	71	26	103	10
8548	4	71	26	103	10
8549	4	71	26	103	10
8550	4	71	26	103	10
8551	4	71	26	103	10
8552	4	71	26	103	10
8553	4	71	26	103	10
8554	4	71	26	103	10
8555	4	71	26	103	10
8556	4	71	26	103	10
8557	4	71	26	103	10
8558	4	71	26	103	10
8559	4	71	26	103	10
8560	4	71	26	103	10
8561	4	71	26	103	10
8562	4	71	26	103	10
8563	4	71	26	103	10
8564	4	71	26	103	10
8565	4	71	26	103	10
8566	4	71	26	103	10
8567	4	71	26	103	10
8568	4	71	26	103	10
8569	4	71	26	103	10
8640	4	71	10	64	20
8641	4	71	10	64	20
8642	4	71	10	64	20
8643	4	71	10	64	20
8644	4	71	10	64	20
8645	4	71	10	64	20
8646	4	71	10	64	20
8647	4	71	10	64	20
8648	4	71	10	64	20
8649	4	71	10	64	20
8650	4	71	10	64	20
8651	4	71	10	64	20
8652	4	71	10	64	20
8653	4	71	10	64	20
8654	4	71	10	64	20
8655	4	71	10	64	20
8656	4	71	10	64	20
8657	4	71	10	64	20
8658	4	71	10	64	20
8659	4	71	10	64	20
8660	4	71	10	64	20
8661	4	71	10	64	20
8662	4	71	10	64	20
8663	4	71	10	64	20
8664	4	71	10	64	20
8665	4	71	10	64	20
8666	4	71	10	64	20
8667	4	71	10	64	20
8668	4	71	10	64	20
8669	4	71	10	64	20
8670	4	71	10	64	20
8671	4	71	10	64	20
8672	4	71	10	64	20
8673	4	71	10	64	20
8674	4	71	10	64	20
8675	4	71	10	64	20
8676	4	71	10	64	20
8677	4	71	10	64	20
8678	4	71	10	64	20
8679	4	71	10	64	20
8770	1	27	20	1	5000
8771	1	27	20	1	6000
8772	1	27	20	1	7000
8773	1	27	20	1	8000
8774	1	27	20	1	9000
8775	1	27	20	1	10000
8776	1	27	20	1	11000
8777	1	27	20	1	12000
8778	1	27	20	1	13000
8779	1	27	20	1	15000
8780	4	116	24	117	16
8781	4	116	24	117	16
8782	4	116	24	117	16
8783	4	116	24	117	16
8784	4	116	24	117	16
8785	4	116	24	117	16
8786	4	116	24	117	16
8787	4	116	24	117	16
8788	4	116	24	117	16
8789	4	116	24	117	16
12100	1	71	2	0	0
12101	2	71	4	0	0
12102	3	71	7	0	0
12103	4	71	10	0	0
12104	1	71	2	0	0
12105	2	71	4	0	0
12106	3	71	7	0	0
12107	4	71	10	0	0
12108	1	71	2	0	0
12109	2	71	4	0	0
12110	3	71	7	0	0
12111	4	71	10	0	0
12112	1	71	2	0	0
12113	2	71	4	0	0
12114	3	71	7	0	0
12115	4	71	10	0	0
12790	1	117	2	0	0
12791	2	117	4	0	0
12792	3	117	7	0	0
12793	4	117	10	0	0
12810	1	117	2	0	0
12811	2	117	4	0	0
12812	3	117	7	0	0
12813	4	117	10	0	0
12830	1	117	2	0	0
12831	2	117	4	0	0
12832	3	117	7	0	0
12833	4	117	10	0	0
12850	1	117	2	0	0
12851	2	117	4	0	0
12852	3	117	7	0	0
12853	4	117	10	0	0
12854	1	64	2	0	0
12855	2	64	4	0	0
12856	3	64	7	0	0
12857	4	64	10	0	0
12858	1	64	2	0	0
12859	2	64	4	0	0
12860	3	64	7	0	0
12861	4	64	10	0	0
12862	1	64	2	0	0
12863	2	64	4	0	0
12864	3	64	7	0	0
12865	4	64	10	0	0
12866	1	64	2	0	0
12867	2	64	4	0	0
12868	3	64	7	0	0
12869	4	64	10	0	0
13070	1	59	1	0	0
13071	2	59	3	0	0
13072	3	59	6	0	0
13073	4	59	10	0	0
13090	1	60	1	0	0
13091	2	60	3	0	0
13092	3	60	6	0	0
13093	4	60	10	0	0
13110	1	61	1	0	0
13111	2	61	3	0	0
13112	3	61	6	0	0
13113	4	61	10	0	0
13130	1	62	1	0	0
13131	2	62	3	0	0
13132	3	62	6	0	0
13133	4	62	10	0	0
13150	1	1	3000	73	5
13151	2	1	6000	73	10
13152	3	1	10000	73	15
13153	4	1	15000	73	20
13170	1	117	2	0	0
13171	2	117	4	0	0
13172	3	117	7	0	0
13173	4	117	10	0	0
14230	1	116	2	0	0
14231	2	116	4	0	0
14232	3	116	7	0	0
14233	4	116	10	0	0
15010	1	73	1	0	0
15011	2	73	2	0	0
15012	3	73	3	0	0
15013	4	73	5	0	0
15460	1	117	2	0	0
15461	2	117	4	0	0
15462	3	117	7	0	0
15463	4	117	10	0	0
15464	1	90	4	16	5
15465	2	90	8	16	10
15466	3	90	12	16	15
15467	4	90	15	16	20
16230	1	116	2	0	0
16231	2	116	4	0	0
16232	3	116	7	0	0
16233	4	116	10	0	0
16590	1	15	5	10	5
16591	2	15	10	10	10
16592	3	15	15	10	15
16593	4	15	20	10	20
17230	1	116	2	0	0
17231	2	116	4	0	0
17232	3	116	7	0	0
17233	4	116	10	0	0
17580	1	17	5	16	5
17581	2	17	10	16	10
17582	3	17	15	16	15
17583	4	17	20	16	20
18140	1	0	0	0	0
18141	2	0	0	0	0
18142	3	0	0	0	0
18143	4	0	0	0	0
19309	1	71	2	64	5
19310	2	71	4	64	10
19311	3	71	7	64	15
19312	4	71	10	64	20
19509	1	71	2	64	5
19510	2	71	4	64	10
19511	3	71	7	64	15
19512	4	71	10	64	20
19709	1	71	2	64	5
19710	2	71	4	64	10
19711	3	71	7	64	15
19712	4	71	10	64	20
19909	1	71	2	64	5
19910	2	71	4	64	10
19911	3	71	7	64	15
19912	4	71	10	64	20
40004	0	119	12	0	0
40101	4	23	5	119	10
40102	4	23	5	119	10
40103	4	23	5	119	10
40104	4	23	5	119	10
40105	4	23	5	119	10
40106	4	23	5	119	10
41021	4	1	5000	116	15
41022	4	1	5000	116	15
41259	1	63	20	0	0
41260	1	63	20	0	0
41600	4	23	5	119	10
41601	4	23	5	119	10
41602	4	23	5	119	10
41603	4	23	5	119	10
41604	4	23	5	119	10
41605	4	23	5	119	10
41606	4	1	5000	116	15
41607	4	1	5000	116	15
41608	4	117	10	1	5000
41609	4	117	10	1	5000
41610	4	103	15	27	10
41611	4	103	15	27	10
41612	4	103	15	27	10
41613	4	103	15	27	10
41614	4	103	15	27	10
41615	4	103	15	27	10
41616	4	103	15	27	10
41617	4	103	15	27	10
41618	4	17	15	27	10
41619	4	17	15	27	10
41620	1	63	20	0	0
41621	1	63	20	0	0
41622	1	63	20	0	0
41623	1	63	20	0	0
41624	1	63	20	0	0
41625	1	63	20	0	0
45057	1	63	20	0	0
45058	1	63	20	0	0
45137	4	117	10	1	5000
45138	4	117	10	1	5000
48321	4	1	10000	103	20
49010	0	1	10000	0	0
49111	4	103	15	27	10
49112	4	103	15	27	10
49113	4	103	15	27	10
49114	4	103	15	27	10
49115	4	103	15	27	10
49116	4	103	15	27	10
49117	4	103	15	27	10
49118	4	103	15	27	10
49119	4	103	10	17	10
49120	4	103	10	17	10
49919	4	17	15	27	10
49920	4	17	15	27	10
53025	1	1	3000	0	0
53026	0	1	3000	0	0
53027	0	1	3000	0	0
53028	0	1	3000	0	0
53248	0	1	3000	0	0
53249	0	1	3000	0	0
53250	0	1	3000	0	0
53290	2	1	4000	0	0
53291	3	1	5000	0	0
53292	4	1	6000	67	10
53293	1	0	0	0	0
53294	2	0	0	0	0
53295	3	0	0	0	0
53296	4	0	0	0	0
70027	4	0	0	0	0
71136	0	119	5	0	0
71188	0	119	8	0	0
71234	0	119	8	0	0
71235	0	119	8	0	0
88257	4	116	5	117	5
611309	1	1	5000	0	0
611319	1	1	5000	0	0
611329	1	1	5000	0	0
611530	4	0	0	0	0